0.0713910000000002
0.03959009999999985
0.03495420000000138
0.04135250000000035
0.04071169999999924
0.032349700000001036
0.016102999999999312
0.01966900000000038
0.023532700000000517
0.03593929999999901
0.029987500000000722
0.03821220000000025
0.03238750000000046
0.02442420000000034
0.019615700000001013
0.023858299999998778
0.018395600000001622
0.037740299999999394
0.04096640000000029
0.02706730000000057
0.035988300000001416
0.03007060000000017
0.03837399999999924
0.030969199999999475
0.039648600000001366
0.031617100000000065
0.04339010000000165
0.040453899999999265
0.03799989999999909
0.020150600000000907
0.027623699999999474
0.026473400000000424
0.018647899999999495
0.019535300000001143
0.019461900000001364
0.019329700000000116
0.01717790000000008
0.017423300000000808
0.017238100000000145
0.03825649999999925
0.037405599999999595
0.03243380000000151
0.021087600000001316
0.023068300000000264
0.02667639999999949
0.017070999999999614
0.015639800000000648
0.01766059999999925
0.022905600000001414
0.04805889999999913
0.03460399999999986
0.01885210000000015
0.03809180000000012
0.04094629999999988
0.04865180000000002
0.03887579999999957
0.02419970000000049
0.02682650000000031
0.02584099999999978
0.026082200000001166
0.02367910000000073
0.03528720000000085
0.02642840000000035
0.023460599999999943
0.040431999999999135
0.024899299999999513
0.03121099999999899
0.05624790000000068
0.04469489999999965
0.026503199999998728
0.04544199999999954
0.038075199999999754
0.031201300000001098
0.0383312999999994
0.0513855999999997
0.03200029999999998
0.03226970000000051
0.027335499999999513
0.018455499999999958
0.02250439999999898
0.02141250000000028
0.03311210000000031
0.04070920000000022
0.023836700000000377
0.03057130000000008
0.044050100000001535
0.0452489000000007
0.03334240000000044
0.038962399999999064
0.023742900000000233
0.05573630000000129
0.06389099999999992
0.052221899999999266
0.020883700000000616
0.017343400000001452
0.020486299999999957
0.023106200000000854
0.016365900000000266
0.03894739999999963
0.01756450000000065
0.017010700000000156
0.017991200000000873
0.01860359999999872
0.02103330000000092
0.01649339999999988
0.019067700000000798
0.023678300000000263
0.016797899999998478
0.02034560000000063
0.019961600000000246
0.02180710000000019
0.01828579999999924
0.034376299999999915
0.04081599999999952
0.039848799999999684
0.04698180000000107
0.03640180000000015
0.026357400000000197
0.025393999999998584
0.03205369999999874
0.021326699999999477
0.038026499999999075
0.017224799999999263
0.04343519999999934
0.023061800000000687
0.024534799999999635
0.018320799999999693
0.04249620000000043
0.05118620000000007
0.053060800000000796
0.04018509999999864
0.05775569999999952
0.01629070000000077
0.04364799999999924
0.03336119999999987
0.026473600000000985
0.020523000000000735
0.027665900000000576
0.03749439999999993
0.033304199999999895
0.02767989999999898
0.030746799999999297
0.02871870000000243
0.01693649999999991
0.03243170000000006
0.03754430000000042
0.03463029999999989
0.059329699999999264
0.051064700000001295
0.04359230000000025
0.036695099999999314
0.019578700000000282
0.03129039999999961
0.0359778999999989
0.03339330000000018
0.029880399999999696
0.01854879999999781
0.020768000000000342
0.035553600000000074
0.03646579999999844
0.01748489999999947
0.030339099999999064
0.017617399999998895
0.026434399999999414
0.04898150000000001
0.05688400000000016
0.05818359999999956
0.03257159999999715
0.03807920000000209
0.029682000000001096
0.02969879999999847
0.031203699999998946
0.028588000000002722
0.018919199999999137
0.03382329999999811
0.039184500000001066
0.044375800000000964
0.05060270000000244
0.029994500000000812
0.05864820000000037
0.025395800000001856
0.023665099999998773
0.01951129999999779
0.03963020000000128
0.03192669999999964
0.029485699999998616
0.02822360000000046
0.04861130000000102
0.03139469999999989
0.025616899999999276
0.025177099999996955
0.019819999999999283
0.02627950000000112
0.029617099999999397
0.024941099999999494
0.03223270000000156
0.028021100000000132
0.03146199999999766
0.02704040000000063
0.03593620000000186
0.027656500000002637
0.030876899999999097
0.030224000000000473
0.031141099999999255
0.025385699999997513
0.025609799999998017
0.02202419999999705
0.041293199999998365
0.04620190000000335
0.044946600000002945
0.05383430000000189
0.06448830000000072
0.06292970000000153
0.036468599999999185
0.015420300000002385
0.03977039999999832
0.0214035999999993
0.023870599999998632
0.02567160000000257
0.040859999999998564
0.05663789999999835
0.039135000000001696
0.027768300000001744
0.021949599999999236
0.03096490000000074
0.030379899999999793
0.03446339999999992
0.03296440000000089
0.03529139999999842
0.03700150000000235
0.03905070000000066
0.03511119999999934
0.01827769999999873
0.015889399999998943
0.0244371000000001
0.02797270000000296
0.015988699999997635
0.018275400000000275
0.025474599999999015
0.028460000000002594
0.022064100000001474
0.01952580000000026
0.019525999999999044
0.021327599999999336
0.027466400000001556
0.025716800000001427
0.030822699999998093
0.01868920000000074
0.025384400000000085
0.018360799999999955
0.028568899999999786
0.03268070000000023
0.029829600000002898
0.023249899999999712
0.030816099999999125
0.03299750000000046
0.028776200000002916
0.028290800000000615
0.02703640000000007
0.0292683000000018
0.02926700000000082
0.02836110000000147
0.027085299999999535
0.04088570000000047
0.0315846999999998
0.02279090000000039
0.029028600000000182
0.026284199999999203
0.028537400000001156
0.03161130000000156
0.023036099999998783
0.03948510000000027
0.019131100000002732
0.029720999999998554
0.015581000000000955
0.025685599999999198
0.02207209999999904
0.03587880000000254
0.04094930000000119
0.03233849999999805
0.0361179000000007
0.018019300000002403
0.0209305999999998
0.025825999999998572
0.02414890000000014
0.019562100000001692
0.022597199999999873
0.03565259999999881
0.02583360000000212
0.024229200000000617
0.018920599999997734
0.01732239999999763
0.023531299999998367
0.0376517000000014
0.03998490000000032
0.03733800000000187
0.0362556000000005
0.05187430000000148
0.037361799999999334
0.05034689999999742
0.03202680000000058
0.033518000000000825
0.05827550000000059
0.05979419999999891
0.0694127999999985
0.034549600000001846
0.02167790000000025
0.029242900000003402
0.024672699999999992
0.021368500000001234
0.04487629999999854
0.041684799999998745
0.037990799999999325
0.0327477000000016
0.0365985000000002
0.02165650000000241
0.01887169999999827
0.01971149999999966
0.01844679999999954
0.015167900000001566
0.0195533999999995
0.02423440000000099
0.03370490000000004
0.035686699999999405
0.04040290000000013
0.03557570000000254
0.03560179999999846
0.029076800000002123
0.02330029999999894
0.03128510000000162
0.03104590000000229
0.037354799999999244
0.04437340000000134
0.05623409999999751
0.059067699999999945
0.05159609999999759
0.06177289999999758
0.04104639999999904
0.031770599999997984
0.022570799999996893
0.03490760000000037
0.028246899999999187
0.02704819999999941
0.0230756999999997
0.027729199999999565
0.03168820000000139
0.017462800000000556
0.027476799999998747
0.03029289999999918
0.02527990000000102
0.027291600000001637
0.03588510000000156
0.024674900000000832
0.022814699999997856
0.02676699999999954
0.03713099999999869
0.023810099999998613
0.02913679999999985
0.05282760000000053
0.032196400000000125
0.038326000000001414
0.03366009999999875
0.03265190000000118
0.029195900000001274
0.03158969999999783
0.03692330000000155
0.021894500000001926
0.02980709999999931
0.029090599999999966
0.02127580000000151
0.02794929999999951
0.027801600000000093
0.02032419999999746
0.03746190000000027
0.021487900000000337
0.018073100000002285
0.015962999999999283
0.01640520000000123
0.024155999999997846
0.0229918999999974
0.026355599999998702
0.028233799999998865
0.02911100000000033
0.0349024
0.04380520000000132
0.06481840000000005
0.02919640000000001
0.017624900000001276
0.01609239999999801
0.027146999999999366
0.023741799999999813
0.023999799999998572
0.028256999999999977
0.028494299999998418
0.026831300000001335
0.0192458000000002
0.031452999999999065
0.03279579999999882
0.02175809999999956
0.033156200000000524
0.024889000000001715
0.03505970000000147
0.024524899999999406
0.029431800000001118
0.04425709999999938
0.03219540000000265
0.025796899999999567
0.032577100000001025
0.01849629999999891
0.028986799999998425
0.028824300000000136
0.023961099999997515
0.02624099999999885
0.02721170000000228
0.029310699999999912
0.0227565000000034
0.025949099999998282
0.022946799999999712
0.03377869999999916
0.030583000000000027
0.016856000000000648
0.018439600000000667
0.02350540000000123
0.020565399999998846
0.02681920000000204
0.027467000000001462
0.033543000000001655
0.03595500000000129
0.037444899999997006
0.0399856000000014
0.05716410000000138
0.03017380000000003
0.02716000000000207
0.027041500000002827
0.024963800000001868
0.03592110000000304
0.02321799999999996
0.02778139999999496
0.03190150000000358
0.03460450000000037
0.023966600000001392
0.03229340000000036
0.03079779999999488
0.019378100000004395
0.04133130000000307
0.022342500000000598
0.015248200000002043
0.0323254999999989
0.02370650000000296
0.02764009999999928
0.036266000000004794
0.061262499999998
0.05325149999999468
0.021591000000000804
0.03223230000000399
0.03838650000000143
0.046996599999999944
0.05008850000000109
0.03981339999999989
0.0369938999999988
0.04566970000000481
0.023300000000006094
0.026918500000000734
0.03092650000000674
0.03480480000000341
0.026548699999999315
0.025166599999998596
0.03572820000000121
0.019157700000000943
0.029835600000005513
0.018881200000002707
0.03195829999999944
0.038423300000005156
0.0333539000000016
0.026005899999994142
0.025524199999999553
0.015503500000001225
0.021058799999998712
0.03357950000000187
0.040988899999995
0.02532390000000362
0.029806399999998234
0.031060700000004715
0.026249300000003473
0.031140299999997012
0.035275900000002025
0.02615629999999669
0.036481499999993616
0.03788120000000106
0.034878100000000245
0.03624269999999541
0.029581199999995533
0.05355289999999968
0.04321180000000169
0.03870969999999829
0.05721940000000103
0.06216120000000558
0.034818600000001254
0.034776100000001975
0.048315999999999804
0.03247500000000514
0.03812369999999987
0.03384069999999895
0.02840100000000234
0.0303424000000021
0.03364069999999941
0.024765199999997378
0.03751599999999655
0.02902079999999785
0.03446980000000366
0.029409999999998604
0.029994299999998475
0.018427899999998942
0.018790100000003918
0.02023420000000442
0.03326059999999842
0.020145700000000488
0.016340200000001914
0.016916899999998236
0.017488300000003676
0.019095299999996485
0.021515099999994902
0.025414599999997733
0.030950399999994715
0.03241099999999619
0.03609329999999744
0.041515400000001534
0.03633109999999817
0.034513599999996813
0.033110899999996946
0.02470699999999937
0.03931120000000021
0.04232640000000032
0.03222819999999871
0.028381400000000667
0.026575000000001125
0.02883650000000415
0.04962649999999513
0.054752499999999316
0.04891770000000406
0.04748380000000196
0.03031769999999767
0.022250700000000734
0.031185499999999422
0.019116600000003814
0.035998499999998046
0.02548050000000046
0.029445400000000177
0.054257499999998515
0.05282289999999534
0.042919999999995184
0.043679000000004464
0.023913199999995527
0.02638000000000318
0.017167499999999336
0.027864800000003243
0.02361609999999814
0.024278400000000033
0.024358299999995836
0.03896040000000056
0.03621129999999795
0.027801200000006077
0.0343597000000031
0.03691830000000351
0.030448599999999715
0.017532799999997906
0.02777770000000146
0.030094099999999457
0.033912400000005505
0.02926479999999998
0.021515200000003176
0.0372120000000038
0.039769700000000796
0.030661000000002048
0.02569869999999952
0.02852659999999929
0.056394400000002065
0.043616600000000005
0.06168089999999893
0.05715730000000008
0.04854240000000232
0.03801109999999852
0.022805200000000525
0.049050300000004654
0.017229000000000383
0.017910999999998012
0.021138899999996852
0.016918799999999123
0.018616700000002595
0.025925099999994927
0.035384999999998
0.03905350000000141
0.04378160000000264
0.041643700000001616
0.051277499999997644
0.043790100000002496
0.042036700000004146
0.029933199999994997
0.03564980000000162
0.026606300000004524
0.019107200000000546
0.0304058999999981
0.017971199999998078
0.032833200000006
0.03094899999999967
0.03371470000000443
0.03429050000000444
0.029724300000005144
0.01697579999999732
0.01805190000000323
0.016664900000002092
0.01665609999999873
0.01801460000000077
0.02339719999999801
0.024300699999997732
0.039785100000003126
0.03471300000000355
0.03147240000000551
0.018032699999999124
0.027011700000002747
0.03381569999999812
0.026908300000002328
0.01932769999999806
0.031956599999993784
0.033001099999999894
0.03624719999999826
0.02256930000000068
0.0372476000000006
0.033875000000001876
0.037651300000000276
0.026992200000002242
0.01996480000000389
0.03227169999999546
0.03461019999999593
0.01960799999999807
0.032921000000001754
0.024470400000005554
0.033281100000003505
0.021810000000002105
0.020288499999999487
0.028704899999993927
0.018442700000001366
0.025873599999997055
0.04091300000000331
0.029194799999999077
0.028273000000005766
0.035735299999998915
0.024401799999999696
0.033940800000003435
0.019010199999996757
0.018800599999998724
0.02497910000000303
0.0294918000000024
0.0266900000000021
0.022161399999994558
0.03235080000000323
0.04582660000000516
0.03154199999999463
0.023646500000005233
0.029662100000003022
0.028633800000001486
0.02587729999999766
0.030863699999997607
0.030471800000000826
0.017142399999997338
0.02968890000000357
0.028505000000002667
0.029778199999995536
0.02957879999999591
0.022078600000000392
0.034660299999998756
0.021869100000003527
0.04018150000000276
0.03791410000000184
0.032302399999998954
0.033668599999998605
0.08166940000000267
0.03429700000000224
0.026314800000001526
0.017807200000000023
0.033866800000005526
0.030467000000001576
0.016080199999997546
0.024294499999996333
0.02908339999999754
0.035058100000000536
0.01712129999999945
0.027676599999999496
0.029940799999998546
0.02882430000000369
0.019074599999996167
0.03581479999999715
0.03270779999999718
0.029603600000001506
0.017415299999996137
0.030194100000002777
0.02968140000000119
0.01902440000000638
0.019959899999996367
0.026386599999995042
0.027990100000003793
0.01996869999999973
0.019156699999996363
0.019456699999999216
0.02094120000000288
0.022210400000005848
0.028930500000001302
0.03432979999999475
0.039337299999999686
0.020325399999997273
0.029546299999999803
0.021037099999993814
0.016841000000006545
0.026376100000000235
0.02734689999999773
0.021062899999996887
0.018288900000001718
0.02311679999999683
0.017170499999998867
0.02103879999999947
0.018948700000002816
0.026345399999996744
0.03332189999999713
0.018446499999996036
0.02140550000000019
0.023723699999997905
0.0326430000000002
0.02251890000000145
0.015624699999996494
0.015115099999995607
0.016626899999998557
0.016864400000002888
0.015500599999995757
0.015335499999999058
0.015579999999999927
0.021405199999996682
0.032145200000002205
0.03368989999999883
0.03732430000000164
0.048246999999996376
0.044740099999998506
0.02897970000000072
0.0247957999999997
0.02972989999999953
0.016793399999997405
0.019829099999995492
0.015482200000001
0.015226399999995976
0.014996000000003562
0.0164084000000031
0.032908700000000124
0.030156900000001485
0.027888099999998417
0.02223599999999948
0.020354100000005815
0.025923499999997546
0.030793099999996798
0.031219499999998845
0.058378599999997505
0.024490399999997692
0.023466700000000174
0.04766090000000389
0.027625499999999192
0.035542599999999425
0.03484749999999792
0.06452929999999668
0.0539703999999972
0.02451990000000137
0.027231600000000356
0.0282102999999978
0.029809499999998934
0.02868829999999889
0.026272400000003415
0.023808400000000063
0.01937440000000379
0.029541000000001816
0.017681599999995967
0.0323861999999977
0.01974739999999997
0.02171729999999883
0.03372439999999699
0.02592119999999909
0.030818799999998703
0.028747099999996806
0.030901599999999974
0.031714499999999646
0.02682280000000503
0.03988320000000556
0.04617410000000177
0.024245200000002853
0.029090800000005856
0.017629700000000526
0.03226480000000009
0.025918599999997127
0.01728570000000218
0.019907500000002187
0.019897899999996582
0.01927050000000463
0.022548000000000457
0.02926479999999998
0.03599270000000132
0.03988079999999883
0.031514199999996606
0.033620299999995495
0.03970460000000031
0.029215200000002994
0.034485099999997715
0.032472199999993734
0.028791399999995804
0.03426410000000146
0.030551899999998966
0.02369900000000058
0.03969329999999616
0.04630290000000059
0.0526595000000043
0.04591479999999848
0.03647690000000381
0.03701650000000001
0.024490000000000123
0.03675840000000363
0.022965300000002742
0.030363700000002325
0.028927299999999434
0.021499800000000846
0.021778100000005907
0.021232700000005877
0.02233619999999803
0.018870200000002058
0.027153399999995997
0.05168950000000194
0.04186539999999894
0.03885239999999612
0.025005100000001335
0.023924000000000945
0.038488699999994935
0.04301149999999865
0.04797410000000468
0.04246719999999726
0.031128899999998794
0.03103229999999968
0.045020300000004454
0.03734500000000196
0.03515420000000091
0.046311899999999184
0.04272720000000163
0.042267100000003666
0.04558489999999438
0.02018319999999818
0.04035290000000202
0.033809300000001485
0.0333378000000053
0.03468809999999678
0.04276029999999764
0.03511650000000088
0.018455500000001734
0.032481599999997
0.038054299999998875
0.0338398999999967
0.03752180000000038
0.04170819999999509
0.038681199999999194
0.02688750000000084
0.02878510000000034
0.030957100000001958
0.03992779999999385
0.03342159999999694
0.027162799999999265
0.04520139999999628
0.03050840000000221
0.03314119999999576
0.037664399999997045
0.04300540000000552
0.04175939999999656
0.038933200000002444
0.034853099999999415
0.0439622999999969
0.030620700000000056
0.028806799999998134
0.030631599999999537
0.014814899999997522
0.04040360000000476
0.03625189999999634
0.03611640000000449
0.030885699999998906
0.04792030000000125
0.04456300000000368
0.03721610000000197
0.03494949999999619
0.04583750000000464
0.016268699999997693
0.036729199999996354
0.06399820000000034
0.040180599999999345
0.04124099999999942
0.026648400000006234
0.03198650000000214
0.04501099999999525
0.053303100000000825
0.06753439999999955
0.03522530000000046
0.06029219999999924
0.05287159999999602
0.01959670000000102
0.02278090000000077
0.028161900000000628
0.030253199999997094
0.07170630000000244
0.041988899999999774
0.03791249999999735
0.03451869999999957
0.02385489999999635
0.02581329999999582
0.030029800000001217
0.0158600999999976
0.020415700000000925
0.02487119999999976
0.02483150000000478
0.024898099999994372
0.021182400000000712
0.029930399999997803
0.024704299999996238
0.032896699999994894
0.020834900000004097
0.01828970000000396
0.019353899999998703
0.031222999999997114
0.04907299999999992
0.04283219999999943
0.04906680000000563
0.04386989999999713
0.033499899999995364
0.02750199999999836
0.04167959999999482
0.04925920000000161
0.05432299999999657
0.044058799999994847
0.029334999999996114
0.034147500000003106
0.04418199999999928
0.03455479999999511
0.026777499999994347
0.01653089999999935
0.037504099999999596
0.02150980000000402
0.04418369999999783
0.034608300000002146
0.028720299999996257
0.018643599999997207
0.025397200000000453
0.02414129999999659
0.026338000000002637
0.047975999999998464
0.06818179999999785
0.05031060000000309
0.06510600000000011
0.044705200000002776
0.03713350000000304
0.018531199999998194
0.024574499999999944
0.020667600000003006
0.052731799999996554
0.029388199999999642
0.0348645999999988
0.03194090000000216
0.032594300000006626
0.027046300000002077
0.029441099999999665
0.03439039999999949
0.04770530000000406
0.07091450000000066
0.05839000000000283
0.07649860000000075
0.051782099999996944
0.04381200000000263
0.03526850000000081
0.042045000000001664
0.026899800000009577
0.023735700000003135
0.017566900000005603
0.02683800000001213
0.03290530000001013
0.04448700000000372
0.03778149999999414
0.06333699999998998
0.03352350000000115
0.04473630000001094
0.037047399999991626
0.03576990000000535
0.02378470000000732
0.028227600000008124
0.03582930000000317
0.04632229999999993
0.0332963000000035
0.034530000000003724
0.03879120000000569
0.019761099999996645
0.04190000000001248
0.042692299999998795
0.01914930000000936
0.020553100000000768
