0.020007200000000225
0.011258200000000329
0.014664899999999648
0.013775000000000759
0.020163200000000714
0.005736900000000489
0.005946899999999644
0.008203100000001129
0.011459099999999722
0.013208900000000412
0.013337599999999838
0.01578579999999974
0.008688199999999924
0.014668900000000207
0.02173050000000032
0.013670600000001087
0.00641870000000111
0.019027099999998853
0.012863900000001038
0.02051729999999985
0.017593899999999607
0.01328430000000047
0.014684799999999498
0.01614629999999906
0.01865439999999907
0.013259200000000249
0.014675600000000344
0.01969949999999976
0.012305100000000735
0.011876100000000278
0.006097999999999715
0.006268599999998514
0.005941700000001049
0.0067795000000003824
0.006037599999999088
0.010718000000000671
0.008105500000000987
0.006086299999999767
0.014405199999998786
0.011488100000001111
0.01496919999999946
0.005898500000000695
0.007272699999999688
0.010408599999999879
0.006408799999999104
0.010451700000000841
0.0069043000000004184
0.0063843000000005645
0.010843299999999445
0.020172399999999868
0.018093699999999657
0.021448700000000542
0.016351200000000787
0.02574949999999987
0.010272900000000362
0.012328899999999976
0.0062438000000000216
0.01024590000000103
0.01461180000000084
0.011714599999999464
0.012710099999999613
0.005682800000000654
0.00847420000000021
0.013658199999998288
0.014171899999999127
0.02299109999999871
0.00961279999999931
0.022385899999999737
0.006485200000000191
0.02056289999999983
0.012856199999999873
0.013405699999999854
0.021849400000000685
0.01249150000000121
0.018057000000000656
0.010020799999999497
0.007197899999999535
0.01478270000000137
0.009987500000001148
0.008829800000000887
0.016212000000001225
0.016901199999999506
0.008861999999998815
0.010744400000000098
0.020574399999999216
0.01593599999999995
0.011197000000001012
0.015424699999998737
0.010206099999999552
0.009569199999999611
0.03404510000000016
0.0069552999999995535
0.010809399999999414
0.0075235000000013486
0.006605099999999808
0.007262500000001282
0.005766500000000008
0.021037099999999143
0.005998800000000415
0.007754000000000261
0.009305899999999312
0.008131000000000554
0.008265200000000306
0.005897300000000882
0.006607999999999947
0.008161899999999278
0.007917100000000232
0.005808200000000596
0.005797400000000508
0.0075368999999998465
0.0057074999999997544
0.015291599999999406
0.009332300000000515
0.006737199999999888
0.01661870000000043
0.0071846000000004295
0.008321200000001028
0.006085500000001076
0.020155100000000203
0.010162499999999852
0.016771000000000313
0.0059179000000000315
0.009293299999999505
0.016357499999999803
0.008947600000000833
0.011250099999999819
0.015947300000000553
0.010561699999998453
0.01809420000000017
0.01668530000000068
0.02385859999999873
0.006144099999998431
0.010939000000000476
0.013929199999999753
0.006984900000000849
0.011678099999999247
0.009464300000001202
0.0085645999999997
0.01167619999999836
0.009072699999999045
0.012748700000003055
0.011617100000002267
0.012085900000002425
0.012758600000001508
0.013285599999999675
0.014914600000000888
0.016161800000002557
0.024236300000001876
0.0059395000000002085
0.01135500000000178
0.012682899999997943
0.01099490000000003
0.005848800000002541
0.015430399999999622
0.009054499999997745
0.011996599999999802
0.012269400000000985
0.008163599999999605
0.010913699999999693
0.011598299999999284
0.0063755000000007556
0.005807800000003027
0.009162199999998677
0.01940270000000055
0.022023999999998267
0.018847099999998562
0.0120868999999999
0.014884000000002118
0.011209800000003156
0.008709100000000802
0.006442899999999696
0.012757599999996927
0.006577599999999961
0.008872500000002503
0.008258399999999
0.020953599999998573
0.015336900000001208
0.012428199999998668
0.028296499999999725
0.009352200000002142
0.00707609999999903
0.012062900000000099
0.013937299999998487
0.009334400000000187
0.014002099999999018
0.013992200000000565
0.020882800000002533
0.010370900000001626
0.014206899999997802
0.008854899999999333
0.006445999999996843
0.015574499999999603
0.011929499999997262
0.014103000000002197
0.010377399999999426
0.014222199999998963
0.01820679999999797
0.007408999999999111
0.016807899999999876
0.01422499999999971
0.008414500000000658
0.011032700000001228
0.007512500000000699
0.011369999999999436
0.009943299999999766
0.007427799999998541
0.009711100000000528
0.01864929999999987
0.02648890000000037
0.024207399999998103
0.02335520000000102
0.026258199999997345
0.013581200000000848
0.013022899999999282
0.012539300000000253
0.005663699999999494
0.00830580000000225
0.008106299999997901
0.01595000000000013
0.020715800000001394
0.014700200000000052
0.013401800000000463
0.007659100000001473
0.012907800000000691
0.010117300000000995
0.009912700000000996
0.013217799999999613
0.012161200000001315
0.014779100000001932
0.012881099999997758
0.01789070000000237
0.008802800000001554
0.005690399999998874
0.010476999999998071
0.009367499999999751
0.006781999999997623
0.005781600000002385
0.00557889999999972
0.007775999999999783
0.012769400000003372
0.0077163999999996236
0.008771499999998156
0.008640599999999665
0.012665800000000615
0.009311999999997767
0.010610799999998477
0.01005569999999878
0.005750299999998987
0.01404720000000026
0.005776300000000845
0.011949200000000104
0.012611499999998443
0.012737200000000115
0.01097549999999714
0.014989100000001088
0.010596799999998296
0.009027299999999627
0.007160299999998898
0.012934300000001286
0.009510699999999872
0.012170799999999815
0.008050599999997132
0.012502800000000036
0.01604030000000023
0.007446800000000309
0.005751400000001183
0.011770299999998457
0.008919000000002342
0.009376399999997176
0.01099659999999858
0.006352899999999551
0.015779199999997218
0.01362540000000223
0.005667100000000147
0.005699299999999852
0.00702360000000013
0.008060699999997922
0.014913800000002198
0.012980400000000003
0.011076700000000272
0.008765400000001478
0.009194100000001981
0.01081310000000002
0.009305600000001135
0.006510399999999805
0.015012099999999862
0.010761200000001026
0.012349399999997956
0.006521599999999239
0.01007139999999751
0.008655199999999752
0.01356840000000048
0.012490799999998359
0.017370699999997186
0.01821660000000236
0.010576000000000363
0.015123600000002568
0.02620420000000223
0.023884599999998812
0.020104999999997375
0.016384699999999697
0.02192619999999934
0.02681400000000167
0.027020900000000125
0.02178819999999959
0.012585599999997754
0.007124600000000925
0.009267499999999984
0.007752599999999887
0.011999899999999286
0.018423899999998383
0.014803600000000472
0.02203280000000163
0.013360999999999734
0.01247510000000318
0.006107400000001206
0.007159300000001423
0.007165699999998054
0.006128000000000355
0.009961900000000412
0.00807100000000105
0.01211280000000059
0.01270759999999882
0.012752599999998893
0.012691999999997705
0.015060099999999466
0.0130958000000021
0.014296700000002716
0.010141499999999581
0.012743900000000252
0.011102300000001009
0.011168700000002474
0.01508970000000076
0.015548499999997745
0.016610100000001182
0.01891510000000096
0.021813999999999112
0.012942299999998852
0.007422800000000507
0.006047699999999878
0.007284699999999589
0.010202599999999507
0.011538900000001462
0.009788600000000258
0.018411199999999184
0.01023179999999968
0.006638399999999933
0.014714700000002523
0.009635400000000516
0.015824600000001965
0.019010600000001432
0.009778300000000684
0.01228619999999836
0.006261099999999686
0.012707800000001157
0.012484900000000465
0.01109180000000265
0.01435419999999965
0.012388399999998967
0.01633860000000098
0.012778300000000797
0.010842899999996547
0.014230000000001297
0.007876299999999503
0.014885799999998284
0.010459599999997238
0.010161799999998777
0.01058720000000335
0.005766700000002345
0.011916599999999278
0.011645500000000197
0.010991499999999377
0.013417600000000363
0.009819200000002581
0.007750300000001431
0.008590800000000343
0.007548100000001057
0.007871999999998991
0.010478899999998958
0.00959089999999918
0.008792899999999548
0.01051840000000226
0.015813999999998885
0.012729199999998997
0.01568070000000077
0.01150029999999802
0.009670500000002136
0.006028799999999279
0.008564200000002131
0.005489100000001912
0.009921000000002067
0.011208100000001053
0.006170499999999635
0.0072624999999995055
0.0056034000000018125
0.010762499999998454
0.014101200000002478
0.006499099999999203
0.012338599999999644
0.01759489999999886
0.011194799999998395
0.009928200000000942
0.010169799999999896
0.010531300000000243
0.008827300000000093
0.006389500000000936
0.011323700000001935
0.007670900000000813
0.00935180000000102
0.009823699999998325
0.0076488000000018985
0.009958000000001022
0.011891199999997326
0.011906299999999703
0.012291399999998731
0.011331499999997163
0.01154189999999744
0.01539539999999917
0.005898099999999573
0.008626499999998316
0.005648999999998239
0.008267000000000024
0.010083999999999094
0.008335800000001115
0.009841999999999018
0.010065600000004338
0.014100299999995514
0.013671099999996272
0.014056899999999928
0.01795669999999916
0.018796099999995874
0.009802800000002776
0.008541700000002095
0.006517199999997558
0.009419899999997483
0.012954300000004082
0.011949600000001226
0.014208099999997614
0.012799600000001021
0.01075209999999771
0.006630700000002321
0.016271500000001993
0.013157299999996042
0.01249499999999415
0.01227829999999841
0.005825200000003861
0.014211299999999483
0.010737399999996455
0.008894000000005065
0.009822399999997344
0.011472399999995275
0.009651000000005183
0.006305300000001068
0.00988879999999881
0.01967040000000253
0.017863200000000745
0.01694919999999911
0.014951200000005826
0.01582259999999991
0.018523800000004087
0.028970900000004463
0.007138299999994047
0.009272099999996897
0.01568019999999848
0.010721099999997818
0.01755170000000561
0.007761900000005539
0.01408039999999744
0.00928830000000147
0.010651100000004021
0.008717400000001874
0.012070299999997758
0.0062035000000051355
0.012129899999997917
0.0067149999999998045
0.006390000000003226
0.0073304999999947995
0.014274700000001417
0.012205399999999145
0.008251600000001247
0.018605900000004283
0.009491900000000442
0.0077582999999989966
0.0130893000000043
0.014307500000001028
0.01174630000000576
0.0234248000000008
0.013077099999996733
0.01232800000000367
0.008171500000003107
0.012225300000004324
0.02049480000000159
0.02009350000000154
0.01931989999999928
0.029177100000005396
0.02152290000000079
0.007408300000001589
0.017933499999998048
0.016984300000004282
0.02069630000000444
0.014648000000001105
0.012213699999996663
0.008380500000001234
0.015340999999999383
0.013075700000001689
0.014369199999997306
0.008847899999999242
0.016590200000003108
0.011795100000000502
0.01507790000000142
0.01163370000000441
0.00727640000000207
0.008450700000004474
0.011800799999996059
0.00733969999999573
0.011236699999997768
0.005859700000002022
0.010387400000006153
0.0059898000000018214
0.005840499999997917
0.0072003000000009365
0.010635999999998091
0.013945599999999558
0.011524000000001422
0.013469799999995757
0.013232899999998438
0.014863499999997032
0.019263099999996314
0.01324979999999698
0.009043200000000695
0.014308499999998503
0.015760100000001387
0.013671600000002115
0.009823900000000663
0.010607199999995487
0.013145500000000254
0.013278700000000754
0.011865300000003742
0.029596200000000294
0.020020099999996432
0.01660410000000212
0.00834960000000251
0.008266399999996565
0.00850989999999996
0.01972210000000274
0.017135700000004306
0.01455039999999741
0.02403479999999547
0.021453200000003392
0.016445799999999622
0.0210322000000005
0.016544099999997286
0.00789370000000389
0.006509000000001208
0.012169000000000096
0.008753200000001016
0.007370300000005159
0.010455400000005
0.009454599999997981
0.016685800000004747
0.009481499999999699
0.013489999999997337
0.011656100000003278
0.010779300000002934
0.011815099999999745
0.009348800000005042
0.01256989999999547
0.012115199999996662
0.013100999999998919
0.009302900000001557
0.01630839999999978
0.012656699999993748
0.021946099999993862
0.00834830000000153
0.01615600000000228
0.02361349999999618
0.025738900000000342
0.01953319999999792
0.023188900000000956
0.022389799999999127
0.015999199999995994
0.013867900000001043
0.010012300000006746
0.00910069999999763
0.006500600000002521
0.005870700000002671
0.0070827999999991675
0.0078347999999977
0.010321799999999826
0.012192400000003545
0.014628800000004105
0.013542299999997454
0.016097299999998427
0.013558199999998521
0.03233570000000441
0.01765840000000196
0.015479900000002544
0.01518169999999941
0.011839500000000669
0.012577600000000189
0.014084400000001551
0.008740899999999385
0.011139200000002347
0.01717949999999746
0.012831999999995958
0.013409599999995692
0.012129400000006285
0.005840899999995486
0.00766389999999717
0.0063164999999969496
0.005932600000001287
0.008506899999993323
0.00882100000000463
0.008994399999998848
0.015572400000003483
0.01179729999999779
0.009549399999997377
0.00968199999999797
0.009792400000002033
0.009111099999998373
0.012998799999998312
0.009281999999998902
0.00638359999999949
0.011518199999997591
0.013317200000003027
0.011815300000002082
0.0071841999999975314
0.018400599999999656
0.011886399999994524
0.011732000000002074
0.009601799999998661
0.005663099999999588
0.005929199999997081
0.01487250000000273
0.013311000000001627
0.006101000000001022
0.017103499999997496
0.009194600000000719
0.009991200000001754
0.01318380000000019
0.009893700000006334
0.013816900000001908
0.011829199999993989
0.013051900000000671
0.011426899999996465
0.010670199999999852
0.016981900000004657
0.015040600000006066
0.006886599999994303
0.008927100000001076
0.0071969999999978995
0.012514099999997086
0.01992649999999685
0.008690200000003756
0.029108500000006643
0.0172434999999993
0.014330099999995127
0.008722099999999955
0.012244499999994218
0.00855640000000335
0.010522100000002865
0.013716899999998589
0.011353800000001968
0.011259700000003647
0.008202900000000568
0.013405099999999948
0.01005649999999747
0.011448299999997857
0.00870530000000258
0.008208499999994956
0.011818499999996845
0.013992500000000518
0.014893600000000617
0.010281600000006108
0.021629900000000646
0.026100599999999474
0.01180000000000092
0.015578800000000115
0.014348699999999326
0.010811300000000301
0.010384700000003022
0.007161099999997589
0.01396850000000427
0.010170099999996296
0.011440399999997908
0.007358600000003435
0.012198099999999101
0.013013499999999567
0.013100099999995507
0.011195600000000638
0.012284000000001072
0.01622579999999374
0.009890800000000866
0.009480799999998624
0.010790700000001152
0.008865700000001198
0.013433599999999046
0.006695400000005236
0.013455600000000345
0.011735399999999174
0.008674700000000257
0.009090899999996793
0.008320599999997569
0.01334190000000035
0.007366500000003384
0.010472899999996343
0.012321599999999933
0.019077500000001635
0.008440600000000131
0.01314639999999656
0.007845099999997274
0.00562190000000129
0.006884999999996921
0.009272599999995634
0.006358800000000997
0.005775500000005707
0.005543599999995763
0.006143200000003901
0.006674699999997813
0.008342300000002467
0.009648299999994947
0.009246300000000929
0.007937400000002981
0.007908999999997945
0.007765499999997871
0.012717000000002088
0.012384499999996024
0.005857800000001134
0.005673999999999069
0.00576600000000127
0.005662999999998419
0.005544699999994407
0.006110100000000784
0.005867399999999634
0.008740500000001816
0.011123699999998848
0.013654799999997635
0.01272019999999685
0.015440000000005227
0.013510899999999992
0.01567680000000138
0.008407999999995752
0.008668900000003532
0.0060665999999969245
0.006130399999996428
0.00658279999999678
0.0056554000000019755
0.006956500000001142
0.005702200000001767
0.009148099999997328
0.011310899999998014
0.01012500000000216
0.009258799999997791
0.011796199999999146
0.00709460000000206
0.009163600000000827
0.008382099999998616
0.005811399999998912
0.006508600000003639
0.015312399999999116
0.012461200000004169
0.010382599999999798
0.013980400000001225
0.007139700000003302
0.02102479999999929
0.0308343000000022
0.011902499999997929
0.009251800000001253
0.010961199999997007
0.010120299999996973
0.009887700000000166
0.010954200000000469
0.0063316999999969426
0.013767300000004923
0.008058800000000588
0.007036300000002882
0.009310100000000432
0.006313599999998587
0.012331899999999507
0.015194499999999778
0.01186919999999958
0.01111670000000231
0.01037759999999821
0.01383870000000087
0.010518799999999828
0.014582000000004314
0.013439099999999371
0.007648899999999514
0.016181600000003016
0.011923400000000584
0.005764199999994446
0.010678099999999802
0.013942199999995353
0.01163779999999548
0.012096299999996063
0.007499299999999209
0.0066089999999974225
0.009557299999997326
0.009850100000001305
0.015513900000001968
0.013152900000001466
0.014482000000000994
0.012393200000005322
0.013620500000001812
0.014176499999997816
0.015832999999993547
0.011735399999999174
0.014311599999999203
0.011048500000001127
0.010973599999999806
0.006904299999995089
0.01833260000000081
0.015268400000003624
0.017126699999998607
0.017573400000003403
0.014816500000002009
0.017451199999996447
0.013151899999996886
0.009541699999999764
0.00631920000000008
0.006168799999997532
0.015719900000000564
0.012465299999995239
0.013037100000005353
0.012674300000000471
0.006956399999999974
0.007445699999998112
0.009453700000001675
0.014724799999996208
0.05220830000000376
0.03097929999999849
0.005689400000001399
0.010862699999997005
0.012809400000001858
0.011332899999999313
0.020249500000005582
0.011435300000002258
0.011190900000002557
0.016605999999995902
0.014646399999996618
0.015614200000001688
0.015539000000003966
0.015730800000000045
0.005752499999999827
0.015347899999994752
0.01886180000000337
0.009486500000001286
0.017169799999997792
0.016089600000000814
0.01627950000000311
0.013469700000001694
0.005672799999999256
0.0162915999999953
0.006808700000000556
0.014426900000003684
0.014279200000004266
0.006104100000001722
0.013292800000002103
0.016980099999997833
0.006525299999999845
0.008990700000005347
0.01834360000000146
0.013420199999998772
0.012253999999998655
0.0162757999999954
0.015960999999997227
0.012127499999998292
0.01183799999999735
0.014283100000000104
0.0063995000000005575
0.017705399999996985
0.008251700000002415
0.014432500000005177
0.016097399999999595
0.015779500000000724
0.020990900000001034
0.015140500000001111
0.006971999999997536
0.0059141999999994255
0.016749400000001913
0.01806720000000439
0.012960800000001882
0.009886799999996754
0.022582300000003386
0.018636700000001838
0.015766300000002786
0.018864100000001827
0.016274199999998018
0.006005299999998215
0.00894419999999485
0.01622199999999907
0.017986300000004007
0.014005900000000793
0.011742299999994543
0.018452299999999866
0.014538999999999191
0.02127869999999632
0.019341399999994735
0.025396800000002884
0.007949599999996337
0.00942770000000337
0.011706999999994139
0.005917799999998863
0.01242690000000124
0.007842399999994143
0.034999900000002526
0.021618799999998828
0.016335699999999065
0.022184500000001606
0.010511600000000954
0.014110500000001025
0.006134099999997034
0.013000800000000368
0.008059099999996988
0.009634200000000703
0.010788400000002696
0.0056125999999991905
0.007163200000000813
0.009784500000002083
0.006186500000005424
0.006757700000001421
0.011178100000002189
0.006779299999998045
0.008012199999996028
0.008809299999995801
0.011009399999998948
0.026713599999993676
0.015918999999996686
0.022195000000003517
0.014857999999996707
0.009433100000002526
0.007696699999996781
0.009511099999997441
0.014211099999997145
0.005691499999997518
0.006175300000002437
0.021370599999997353
0.009515900000003796
0.01137380000000121
0.015927800000000047
0.015978500000002782
0.01378360000000356
0.006434300000002224
0.012946800000001701
0.008829499999997381
0.013375800000005711
0.007900500000005195
0.006861700000001747
0.013021600000001854
0.016182200000002922
0.01756460000000004
0.02221439999999575
0.018384099999998682
0.016595300000005864
0.022722799999996823
0.009247099999996067
0.009942399999999907
0.016718600000004358
0.006613900000004946
0.019550699999996368
0.017300999999996236
0.017919500000004973
0.0100944999999939
0.01789389999999713
0.012149500000006697
0.007117100000002097
0.01567389999999591
0.015229399999995508
0.03951180000000676
0.03253949999999861
0.015146500000000174
0.016161500000002604
0.0188808999999992
0.01676870000000008
0.012707200000008356
0.008197400000000243
0.008161599999993996
0.006216100000003166
0.008291899999989027
0.008438699999999244
0.014148899999995024
0.01453639999999723
0.03286769999999706
0.011606499999999187
0.009999200000009978
0.01371650000000102
0.011547100000001365
0.009260299999994004
0.017710000000008108
0.01686159999999859
0.010475200000001905
0.00867110000000082
0.014973800000007031
0.01756570000000579
0.006353000000004272
0.012481399999998644
0.017521700000003193
0.00750340000000449
0.014461199999999508
0.01589059999999165
