0.02748280000000136
0.015335800000000788
0.015073600000000908
0.01522749999999995
0.03102509999999903
0.009460400000000035
0.010506799999999927
0.014207900000000606
0.015730599999999484
0.012586799999999343
0.014877399999999597
0.014747699999999142
0.013221800000000172
0.010148700000000233
0.007891600000000665
0.016519200000001177
0.010926700000000622
0.017591499999999982
0.014515699999998688
0.01354740000000021
0.01852350000000058
0.016136299999999437
0.020411099999998683
0.010971299999999573
0.015300500000000383
0.015481099999998804
0.0159836999999996
0.015315799999999768
0.018736499999999268
0.008121199999999718
0.011301500000000075
0.00753150000000069
0.010226199999999963
0.00787509999999969
0.008906899999999496
0.006541699999999651
0.006547700000000489
0.008191499999998797
0.013798399999998878
0.013197999999999155
0.02114150000000059
0.008190199999999592
0.007526099999999758
0.008297200000001226
0.008693300000000903
0.008512399999998976
0.009359299999999848
0.007147500000000306
0.007457499999999229
0.018811599999999373
0.017176700000000267
0.015993200000000485
0.015691199999999128
0.02442350000000104
0.01125050000000094
0.014280600000001087
0.008886000000000394
0.013850800000000163
0.015489800000000997
0.011992600000001019
0.007324500000001066
0.009744500000000045
0.00709720000000047
0.016757199999998917
0.011814799999999792
0.01637050000000073
0.006755099999999459
0.020585199999999304
0.01620630000000034
0.006550400000000067
0.011533000000000015
0.014356499999999883
0.02113049999999994
0.011662100000000564
0.0156837000000003
0.01592699999999958
0.010147200000000467
0.021352800000000727
0.019663700000000617
0.006740500000001148
0.010872400000000226
0.014126199999999756
0.016783000000000214
0.00743969999999905
0.014891099999999824
0.01393479999999947
0.009733699999999956
0.017857300000001075
0.006608899999999807
0.011865000000000236
0.025240500000000665
0.011871399999998644
0.018874399999999625
0.011524399999998991
0.008068500000000256
0.007515700000000791
0.00960720000000137
0.019222800000001428
0.011871600000000981
0.008988699999999739
0.007741999999998583
0.006626100000000079
0.007322599999998403
0.009647699999998594
0.010736500000000149
0.007589199999999963
0.009380499999998904
0.009828000000000614
0.006610000000000227
0.008210199999998835
0.010326499999999683
0.01052420000000076
0.01246040000000015
0.007489300000001364
0.019201100000000082
0.015510899999998884
0.020018000000000313
0.011026799999999781
0.019287299999998453
0.019527199999998857
0.006563599999999781
0.015016599999999158
0.008851399999999288
0.014094200000000612
0.010792999999999608
0.0164920999999989
0.010272399999999848
0.017382999999998816
0.01812590000000114
0.016212700000000524
0.02304830000000102
0.009042199999999667
0.007906499999998928
0.016971599999999754
0.007326599999998962
0.013351000000000113
0.011803199999999237
0.010568799999999712
0.011220499999998523
0.015689899999999923
0.015874900000000025
0.012165100000000706
0.017998999999999654
0.013625499999999846
0.01426930000000226
0.01579449999999838
0.013842800000002597
0.02877030000000147
0.008511999999999631
0.008808399999999494
0.015629599999996913
0.013051299999997212
0.007254400000000771
0.009063799999999844
0.012639400000001189
0.012389299999998826
0.0071750000000001535
0.007918500000002382
0.013218699999999473
0.014060700000001702
0.008749699999999194
0.011732599999998428
0.009933700000001267
0.023856200000000882
0.020793099999998788
0.023934900000000425
0.02040280000000294
0.013303600000000415
0.012894500000001585
0.01458809999999744
0.01173689999999894
0.017857100000000514
0.010477500000000362
0.00731010000000154
0.01334280000000021
0.0224599000000012
0.013887100000001595
0.01685720000000046
0.02956310000000073
0.011561499999999114
0.008641900000000646
0.014290100000000194
0.0084376000000006
0.007350799999997548
0.014142799999998346
0.01364590000000021
0.019172000000001077
0.018304999999998017
0.014894999999999214
0.012069300000000283
0.008339999999996905
0.013253499999997587
0.01319220000000243
0.014857700000000307
0.007422399999999385
0.014419799999998872
0.013652799999999132
0.01514370000000298
0.012214200000002506
0.014595399999997483
0.016137099999998128
0.012314599999999842
0.012750000000000483
0.010819699999998988
0.009731899999998461
0.012166400000001687
0.0112696000000021
0.01743809999999968
0.022354400000001107
0.018713800000000447
0.02714380000000105
0.01403370000000237
0.01974129999999974
0.012731300000002221
0.011967399999999628
0.0071723000000005754
0.009259099999997744
0.010812500000000114
0.011182500000000317
0.017375099999998866
0.01611700000000127
0.015320400000000234
0.009187800000002966
0.011479699999998871
0.012969500000000522
0.011817900000000492
0.015562500000001478
0.016945899999999625
0.0185935999999991
0.019610100000001296
0.017730600000000152
0.011288100000001577
0.006598099999997942
0.007761499999997312
0.012658699999999357
0.009054499999997745
0.006762699999999455
0.00784360000000106
0.008686300000000813
0.014267799999998942
0.006837799999999561
0.009782200000000074
0.008972299999999933
0.012516800000000217
0.009093800000002261
0.010185700000000963
0.01015729999999948
0.007968800000000442
0.01515099999999947
0.006548600000002125
0.013795500000000516
0.014215499999998826
0.015109200000001266
0.006555000000002309
0.01055069999999958
0.013469699999998141
0.010311900000001373
0.010659199999999203
0.015338599999999758
0.016337000000000046
0.023394899999999552
0.011926799999997684
0.012535199999998525
0.015013799999998412
0.013135399999999464
0.00663950000000213
0.013418399999999053
0.011891300000002047
0.007360699999999554
0.011044099999999446
0.00722640000000041
0.013607000000000369
0.006622500000002418
0.011829500000001048
0.009493899999998945
0.010351499999998737
0.008882199999998619
0.01619320000000002
0.016340700000000652
0.010131099999998838
0.008948199999998963
0.013144399999998058
0.009909699999997912
0.013770300000000901
0.011474299999999715
0.00877789999999834
0.011548699999998746
0.010383300000000872
0.013374699999999962
0.0070040999999996245
0.006784300000003185
0.011523699999997916
0.009536000000000655
0.018136899999998235
0.014420900000001069
0.016712600000001743
0.01979840000000266
0.01638150000000138
0.02023150000000129
0.0218159
0.03056370000000186
0.030993399999999838
0.02383130000000122
0.0188377000000024
0.02597240000000056
0.011550400000000849
0.009664199999999568
0.009902900000000159
0.013138800000000117
0.010970700000001443
0.01676700000000153
0.019275100000001544
0.015959399999999846
0.011155999999999722
0.02055130000000105
0.0072415999999968506
0.009709999999998331
0.009562800000001204
0.008432899999998966
0.006559799999998006
0.0077667000000012365
0.012244899999998893
0.01710160000000016
0.01463940000000008
0.01695349999999962
0.016613400000000667
0.016659799999999336
0.0094372000000007
0.010057400000000882
0.014832300000001908
0.016137199999999297
0.01674499999999668
0.03169130000000209
0.01564379999999943
0.02147599999999983
0.017173199999998445
0.025949000000000666
0.015314699999997572
0.01206860000000276
0.009546700000001351
0.015520499999997384
0.014058699999999646
0.01539550000000034
0.011651700000001597
0.015972899999997736
0.013400799999999435
0.012400700000000597
0.013427500000002368
0.009368099999999657
0.013195200000001961
0.023424599999998463
0.011638099999998985
0.013246099999999927
0.010553999999999064
0.012205099999999192
0.017450499999998925
0.015720300000001686
0.01511119999999977
0.016141699999998593
0.024338400000001315
0.027510000000003032
0.010583699999997975
0.016069500000000403
0.011402600000000263
0.011891000000002094
0.01235759999999786
0.017679700000002185
0.011888100000000179
0.006480299999999772
0.016612099999999685
0.015027799999998592
0.0064995000000003245
0.020154099999999175
0.014135299999999518
0.007522400000002705
0.007734299999999195
0.006961499999999177
0.007733699999999288
0.010335099999998931
0.009771699999998162
0.010080899999998394
0.013130900000000167
0.012919699999997647
0.015932800000001635
0.017435700000000054
0.02236870000000124
0.009172100000000682
0.007642300000000546
0.006638500000001102
0.010743299999997902
0.01362100000000055
0.01319300000000112
0.008381400000001094
0.011830800000002029
0.011426999999997633
0.01159240000000139
0.00933470000000014
0.014649599999998486
0.012556799999998702
0.01026589999999672
0.014273799999998005
0.013645299999996752
0.011528299999998382
0.00838759999999894
0.008897199999999827
0.01579330000000212
0.0121058000000005
0.011818899999997967
0.01021689999999964
0.012653900000000107
0.011936500000000905
0.012681299999997009
0.013819300000001533
0.015046099999999285
0.013129000000002833
0.01287359999999893
0.010877400000001813
0.01164810000000216
0.014438200000000734
0.01072369999999978
0.0064974999999982685
0.011971600000002525
0.011509700000001288
0.010108899999998755
0.010775199999997653
0.01092909999999847
0.015749700000000644
0.016427899999996498
0.016227000000000658
0.014759300000001474
0.018762400000007062
0.013001400000000274
0.013317899999996996
0.006905899999999576
0.014406999999998504
0.009853499999998405
0.009293999999997027
0.010100500000000068
0.007794800000006319
0.014815699999999765
0.00798470000000151
0.013360699999999781
0.01635069999999672
0.013601300000004812
0.009420300000002158
0.008283099999999877
0.0076811000000063245
0.01300780000000401
0.00932430000000295
0.016096099999998614
0.0145082999999957
0.00940809999999459
0.014117599999998731
0.012991599999999437
0.01889320000000083
0.01569250000000011
0.019128199999997264
0.02214000000000027
0.016612899999998376
0.014468399999998383
0.02434149999999846
0.007047599999999932
0.013587899999997433
0.013833599999998114
0.01176099999999991
0.012250700000002723
0.014596500000003232
0.015087700000002258
0.006551099999995813
0.01342689999999891
0.014669599999997729
0.014060200000002965
0.011047800000000052
0.012876899999994862
0.013841100000000495
0.008841000000003874
0.008484599999995623
0.015070500000000209
0.015278399999999692
0.016571400000003678
0.017279199999997275
0.008145299999995359
0.014013900000001911
0.01083709999999627
0.018453800000003184
0.01332959999999872
0.013628400000001761
0.016128899999998225
0.012626799999999605
0.009559899999999288
0.024412700000006282
0.01631450000000001
0.03028019999999998
0.018150099999999725
0.022663600000001338
0.03010250000000525
0.01656669999999849
0.015972300000001383
0.022564400000000262
0.023071899999997925
0.01070829999999745
0.016453599999998403
0.01036189999999948
0.014632300000002374
0.01181649999999479
0.01359629999999612
0.014636799999998118
0.0156216000000029
0.011217199999997263
0.01811450000000292
0.012436200000003339
0.008508900000002484
0.010329800000000944
0.013403500000002566
0.010300900000004276
0.010096400000001893
0.008298799999998607
0.0077883000000014135
0.007050599999999463
0.006788499999998976
0.013113400000001718
0.01037390000000471
0.011739900000002024
0.016095599999999877
0.015227000000002988
0.01834140000000417
0.015228800000002707
0.014772999999998149
0.01828869999999938
0.010391599999998391
0.016105299999999545
0.017318599999995854
0.015959399999999846
0.009377200000002972
0.015811100000000522
0.024606800000000817
0.018362899999999627
0.028362200000003668
0.03897510000000182
0.020932600000001855
0.02244530000000111
0.008069900000002406
0.007263799999996934
0.012180499999999483
0.020648999999998807
0.01764750000000248
0.015459899999996196
0.017064400000002422
0.018731000000002496
0.018536799999999687
0.017280400000004192
0.017935799999996505
0.013271700000004216
0.006464099999995199
0.009055699999997557
0.011118099999997355
0.012232600000004368
0.008662299999997458
0.014210300000002007
0.016014599999998325
0.011517999999995254
0.012333000000005256
0.013695599999998365
0.015491600000004269
0.013654799999997635
0.006545799999997826
0.013829600000001108
0.014608600000002525
0.01708049999999872
0.018757899999997107
0.012093200000002469
0.019198500000001673
0.019104099999999846
0.0169765000000055
0.011882999999997423
0.017779600000004336
0.02030279999999607
0.013350899999998944
0.0270709999999994
0.030765099999996437
0.0223078000000001
0.018022900000005393
0.015335299999996721
0.009951099999994995
0.007275499999998658
0.00788169999999866
0.007275999999997396
0.0071459999999987645
0.008798499999997489
0.013109000000000037
0.017849599999998134
0.015187699999998472
0.0154754000000068
0.01525829999999928
0.028751300000003255
0.01760980000000245
0.01567089999999638
0.01486189999999965
0.015207799999998883
0.011877699999999436
0.011196899999994514
0.012298000000001252
0.00811170000000061
0.013977500000002863
0.013496500000002243
0.012371299999998087
0.014009299999997893
0.006489500000000703
0.008164899999997033
0.00915549999999854
0.006604200000005278
0.006524999999996339
0.007449000000001149
0.009299399999996183
0.01144440000000202
0.015750200000006487
0.012454300000001695
0.015476199999994833
0.01224650000000338
0.010261399999997423
0.013060999999993328
0.010660899999997753
0.007937600000005318
0.014667299999999273
0.012475499999993644
0.01479560000000646
0.01093840000000057
0.01952670000000012
0.01794869999999804
0.012297199999999009
0.014406899999997336
0.006527800000000639
0.008447799999999006
0.008995699999999829
0.014154800000000023
0.009859399999996299
0.017302600000000723
0.012443699999998614
0.014986600000000294
0.017794399999999655
0.011519499999998573
0.009008600000001366
0.014748099999998487
0.010688899999998114
0.006472299999998654
0.010315300000002026
0.018753500000002532
0.008647699999997371
0.011654300000003559
0.010865699999996536
0.006515600000000177
0.01123959999999613
0.01669490000000451
0.008723599999996168
0.015734000000001913
0.01127729999999616
0.015318600000000515
0.006580299999995987
0.011626500000005535
0.01253950000000259
0.01324679999999745
0.015947199999999384
0.01308519999999902
0.011544900000004077
0.0114555999999979
0.010851299999998787
0.007669399999997495
0.01125640000000061
0.006630699999995215
0.009413700000003189
0.012335600000000113
0.008129000000003828
0.01720600000000161
0.012792699999998547
0.022206100000005335
0.017828500000000247
0.020913600000000088
0.009656599999999571
0.01625699999999597
0.011512899999999604
0.01234909999999445
0.0083202
0.017161600000001442
0.01214029999999866
0.011267899999999997
0.01325019999999455
0.007277700000003051
0.011639500000001135
0.014169500000001278
0.013353500000000906
0.010291500000001008
0.009886500000000353
0.010609899999998618
0.012069900000000189
0.006818199999997887
0.019444100000001185
0.011915199999997128
0.009255000000003122
0.010070900000002325
0.011774299999999016
0.01073130000000333
0.0076194000000029405
0.013422000000005596
0.006709399999998311
0.008130900000004715
0.010793200000001946
0.010673499999995784
0.017622400000000482
0.00667460000000375
0.013194399999996165
0.015220199999994577
0.009301100000001838
0.011620300000004136
0.009541699999999764
0.010986800000004848
0.007206800000005842
0.006586999999996124
0.006550699999998244
0.007727200000005041
0.0103253000000052
0.00892849999999612
0.011391899999999566
0.023305899999996882
0.008836100000003455
0.009680199999998251
0.014850699999996664
0.013160800000001416
0.006863100000003897
0.006916900000000226
0.0066484999999971706
0.007207100000002242
0.011581899999995926
0.008681099999996889
0.00665130000000147
0.00654140000000325
0.011780700000002753
0.017482899999997414
0.014663800000001004
0.01740559999999647
0.016122000000002856
0.018686299999998823
0.012552300000002958
0.013413299999996298
0.012061000000002764
0.007185599999999681
0.007727199999997936
0.009304000000000201
0.007694499999999493
0.007841200000001436
0.008084900000000061
0.017351200000000233
0.013019299999996292
0.015392800000000761
0.012486000000002662
0.009359099999997511
0.012435299999999927
0.009631799999993973
0.01152110000000306
0.013300000000000978
0.012429799999999602
0.010190199999996707
0.014089499999997201
0.011194500000001995
0.008344600000000924
0.03286180000000627
0.03466629999999782
0.015056800000003534
0.00820269999999823
0.01260249999999985
0.012331199999998432
0.011692400000001157
0.012644000000001654
0.007759200000002409
0.011911099999998953
0.007067100000000437
0.011718699999995863
0.009256999999998072
0.015543199999996204
0.01065489999999869
0.007888899999997534
0.008271900000003996
0.008266100000000165
0.012649200000005578
0.011817700000001707
0.016250599999999338
0.015277399999995112
0.015581400000002077
0.011499800000002836
0.020032199999995726
0.014697499999996921
0.008789699999994127
0.01367270000000076
0.013281400000003885
0.016468799999998396
0.008416300000000376
0.0075901999999956615
0.008141999999999427
0.008724899999997149
0.01037939999999793
0.017288100000001805
0.016590800000003014
0.01983030000000241
0.014147000000001242
0.018023100000000625
0.016716599999995196
0.015314499999995235
0.01574929999999597
0.013189400000001683
0.017524700000002724
0.01528539999999623
0.010861599999998361
0.016220799999999258
0.01421940000000177
0.025328099999995857
0.017318700000004128
0.019737599999999134
0.0189982999999998
0.014613799999999344
0.012510699999999986
0.009803400000002682
0.008960899999998162
0.015402999999999167
0.015027500000002192
0.015078600000002496
0.009274900000001196
0.009143000000001678
0.008142599999999334
0.00956599999999952
0.017908800000000724
0.054473600000001454
0.02326800000000162
0.007194099999999537
0.010419299999995246
0.006541600000005587
0.01207629999999682
0.01992919999999998
0.017482899999997414
0.02204529999999494
0.008105300000003979
0.01685059999999794
0.013870699999998237
0.015297199999999123
0.013859400000001187
0.012399699999996017
0.016151700000001767
0.018382400000000132
0.010657200000004252
0.0072776000000018826
0.011657400000004259
0.010703500000005306
0.01282359999999727
0.006596999999999298
0.017685700000001248
0.010078899999996338
0.019907799999998588
0.01633149999999972
0.007160300000002451
0.016497100000002263
0.013558500000002027
0.007891899999997065
0.019759600000000432
0.014591500000001645
0.010105199999998149
0.006544699999999182
0.018591499999999428
0.01610870000000375
0.018314699999997686
0.01934789999999964
0.01605870000000209
0.006669299999998657
0.012437399999996046
0.019419100000000356
0.016724000000003514
0.0175099000000003
0.01678649999999493
0.013926100000006159
0.01588920000000371
0.009198000000004924
0.015088999999996133
0.011145700000000147
0.01576730000000026
0.015394299999996974
0.019696599999996067
0.01517040000000236
0.019895200000000557
0.021449600000003954
0.02109039999999851
0.019728799999995772
0.012268900000002247
0.006485900000001266
0.022353799999997648
0.02178880000000305
0.021054700000000537
0.013849499999999182
0.015573899999999696
0.010531100000001459
0.014319899999996721
0.006552899999995532
0.029636699999997518
0.02026779999999917
0.008977600000001473
0.011544799999995803
0.006608899999996254
0.009463499999995406
0.01121540000000465
0.022028200000001164
0.023580099999996662
0.02237810000000451
0.013156999999999641
0.02180140000000108
0.011786700000001815
0.006695600000000468
0.007159399999999039
0.007143100000000402
0.010432500000000289
0.008641400000001909
0.0067142000000046664
0.01619079999999684
0.010696500000001663
0.009467099999994844
0.006769499999997208
0.00653729999999797
0.008510999999998603
0.011403299999997785
0.0066775999999961755
0.00658899999999818
0.014637499999999193
0.020028400000001056
0.009050099999996064
0.007222600000005741
0.009627399999999398
0.008473399999999742
0.007819999999995275
0.008535399999999527
0.010132599999998604
0.010653700000005983
0.008710900000004074
0.0192838999999978
0.02004079999999675
0.018516699999999275
0.015178699999999878
0.006622000000000128
0.007235399999999004
0.006565100000003099
0.02111070000000126
0.012650999999998191
0.007881900000000996
0.006514100000003964
0.010607800000002499
0.017238100000000145
0.01065940000000154
0.022825199999999768
0.01605459999999681
0.01819019999999938
0.02198020000000156
0.02376539999999494
0.012065300000003276
0.014785999999993749
0.007302799999997944
0.01886360000000309
0.016407300000004454
0.013976200000001882
0.00909050000000633
0.018167699999999343
0.012460500000003094
0.007991299999993373
0.016754200000001163
0.021584300000000667
0.031324899999994216
0.030224900000000332
0.025412400000000446
0.02535660000000206
0.020989299999996547
0.01378910000001099
0.015817499999997153
0.011343000000010761
0.012722899999999981
0.007432600000001344
0.008272099999999227
0.009686900000005494
0.0161451000000028
0.017613099999991277
0.015042600000001016
0.022134899999997515
0.013981900000004543
0.018375800000001163
0.010854899999998224
0.006612099999998122
0.014957900000013069
0.01142179999999371
0.010428899999993746
0.01258329999998864
0.013140699999993899
0.01425670000000423
0.009356900000000223
0.01840710000000456
0.017571700000004853
0.0065333999999950265
0.007409299999991958
0.012562599999995427
